      0/49     5.91G   0.04412  0.008296   0.01354   0.06595         1       640    0.3603    0.4114    0.2672   0.09285   0.08298  0.006113   0.01462
      1/49     11.3G   0.04575  0.008362   0.01401   0.06813         4       640    0.3307    0.4864    0.2856   0.09737   0.08286  0.006088   0.01462
      2/49     11.3G   0.04373  0.007655   0.01359   0.06498         1       640    0.3584    0.5937     0.323     0.128   0.08345  0.006006   0.01464
      3/49     11.3G   0.04346  0.007904   0.01371   0.06508         2       640    0.3371    0.5318     0.311    0.1214   0.08264   0.00613   0.01458
      4/49     11.3G   0.04486   0.00751   0.01369   0.06606         4       640    0.3187    0.4159     0.294     0.103   0.08301  0.006162    0.0146
      5/49     11.3G   0.04189   0.00815   0.01333   0.06337         3       640    0.2579    0.4409    0.2873   0.07512   0.08287  0.006232   0.01454
      6/49     11.3G   0.04221  0.008036   0.01344   0.06369         1       640    0.2709    0.3864    0.2318   0.08874   0.08176  0.006375   0.01457
      7/49     11.3G   0.04321  0.007968   0.01328   0.06446         3       640    0.3621     0.433    0.2942    0.1013   0.08031  0.005965   0.01453
      8/49     11.3G   0.04198   0.00792   0.01337   0.06327         3       640    0.4529    0.3812    0.3347    0.1328   0.07837   0.00608    0.0145
      9/49     11.3G   0.04451  0.007478   0.01316   0.06514         5       640    0.2954     0.427    0.2645     0.104   0.07979   0.00638   0.01442
     10/49     11.3G   0.04222  0.007234   0.01268   0.06213         0       640    0.3035    0.4557    0.3398    0.1288   0.08366  0.006665   0.01424
     11/49     11.3G   0.04365  0.008187   0.01289   0.06473         5       640    0.2781    0.3159    0.2062   0.07754   0.08043   0.00672   0.01405
     12/49     11.3G   0.04175  0.007895    0.0121   0.06175         5       640    0.3424    0.3364    0.2556    0.1045   0.07759  0.006498   0.01386
     13/49     11.3G   0.04335  0.008875   0.01234   0.06456         9       640    0.4809    0.3812    0.3212    0.1365   0.07941   0.00637   0.01355
     14/49     11.3G   0.04137  0.008555   0.01153   0.06146         5       640    0.3347    0.5068    0.3716     0.111    0.0772  0.006565    0.0133
     15/49     11.3G   0.04091  0.008122   0.01066   0.05969         1       640    0.3348    0.5273     0.312    0.1444   0.07881  0.006449   0.01338
     16/49     11.3G   0.04093  0.008367   0.01086   0.06016         4       640    0.5538    0.3068    0.3422    0.1159   0.07483  0.006411   0.01306
     17/49     11.3G   0.04113  0.008187   0.01017   0.05948         4       640    0.3974    0.4754     0.424    0.1963   0.07591  0.006392   0.01302
     18/49     11.3G   0.04109  0.008257  0.009667   0.05902         1       640    0.4299    0.3864    0.3746    0.1547   0.07249  0.006228   0.01248
     19/49     11.3G   0.03905  0.007879  0.009197   0.05612         0       640    0.6683    0.4528    0.4654    0.2006   0.07077  0.006309   0.01196
     20/49     11.3G   0.03909  0.007611  0.008766   0.05547         0       640    0.5019    0.4773    0.4095    0.1929   0.07212  0.006462   0.01221
     21/49     11.3G   0.04029  0.008088  0.008458   0.05683         4       640    0.3616    0.5023    0.3539    0.1461    0.0736  0.006719    0.0116
     22/49     11.3G   0.04072  0.008994  0.008176   0.05789         7       640    0.5231    0.4273    0.3884    0.1819   0.07255  0.006629   0.01122
     23/49     11.3G   0.03982  0.008189  0.007836   0.05585         1       640    0.6384    0.3817    0.4449    0.2109   0.07345  0.006481   0.01074
     24/49     11.3G   0.04052  0.008247  0.007362   0.05613         2       640    0.4605    0.5216    0.4965    0.2024   0.07456  0.006376   0.01048
     25/49     11.3G   0.03814  0.007978  0.006472   0.05259         1       640     0.591    0.4515    0.4774    0.2059   0.07264   0.00675   0.01009
     26/49     11.3G   0.03862  0.007781  0.006422   0.05282         5       640    0.7097    0.3818    0.4918    0.2129   0.07117  0.006253  0.009837
     27/49     11.3G   0.04058  0.008255  0.005985   0.05482         2       640    0.4182    0.5923    0.4863    0.2057    0.0739  0.006485  0.009522
     28/49     11.3G    0.0395  0.008686  0.006327   0.05451         4       640    0.4657    0.6922    0.5082    0.2179    0.0739  0.006714   0.01013
     29/49     11.3G   0.03868  0.007665  0.005177   0.05152         1       640    0.5766    0.6023    0.5694    0.2935   0.06896   0.00664  0.009087
     30/49     11.3G   0.03875  0.008536  0.005034   0.05232         6       640    0.5289    0.5523    0.5148    0.2741   0.07103  0.006813  0.008686
     31/49     11.3G   0.03781   0.00894  0.004818   0.05157         7       640    0.6773    0.5272     0.499     0.243   0.06917  0.006888  0.008823
     32/49     11.3G   0.03841  0.008419  0.004299   0.05113         6       640    0.6177    0.5068    0.4431    0.1935   0.07048  0.007109  0.009083
     33/49     11.3G    0.0364  0.008216  0.003881    0.0485         3       640    0.7039    0.4817    0.5262    0.2269    0.0716     0.007   0.00847
     34/49     11.3G   0.03736  0.007997  0.004094   0.04945         5       640    0.6236    0.5763    0.5476    0.2696   0.07112  0.007141  0.008414
     35/49     11.3G   0.03652  0.008265  0.003602   0.04839         2       640    0.7625    0.5764    0.5833    0.2429   0.06933  0.007135  0.008742
     36/49     11.3G   0.03795  0.008102  0.004657   0.05071         4       640    0.5366    0.5523    0.4407    0.2155   0.07028  0.007129  0.008873
     37/49     11.3G   0.03778  0.008063  0.003863    0.0497         2       640    0.5886    0.5707    0.5314    0.2443    0.0703  0.006692  0.009301
     38/49     11.3G    0.0364  0.008172  0.003723   0.04829         3       640    0.5836    0.6023    0.5526    0.2746   0.07179  0.006648  0.008888
     39/49     11.3G   0.03633  0.008438  0.003994   0.04876         4       640    0.5323    0.7178     0.554    0.2673   0.06829  0.006635  0.008407
     40/49     11.3G   0.03605  0.008479  0.003511   0.04804         5       640    0.5554    0.6023    0.5328    0.2258    0.0703  0.007098  0.008954
     41/49     11.3G   0.03554  0.007809  0.003674   0.04702         1       640    0.5538    0.5562     0.534     0.285   0.06942  0.006655  0.009029
     42/49     11.3G   0.03497  0.007636  0.003111   0.04572         2       640    0.7672    0.5308    0.5537    0.2695   0.06981  0.006661  0.009011
     43/49     11.3G   0.03454   0.00837  0.003349   0.04626         2       640    0.5455    0.6023    0.5169    0.2539   0.06683  0.007074  0.008466
     44/49     11.3G   0.03491  0.008141  0.003728   0.04678         1       640    0.7088    0.6221    0.6243     0.309   0.06767  0.006758  0.008216
     45/49     11.3G   0.03405  0.008273  0.003683   0.04601         1       640    0.6356    0.6125    0.5382    0.2649   0.06852  0.006847  0.008074
     46/49     11.3G   0.03451  0.008177  0.003082   0.04577         5       640    0.6525    0.5523    0.5316    0.2681   0.06685  0.006957  0.008149
     47/49     11.3G   0.03376  0.007749   0.00306   0.04457         1       640    0.6309     0.577    0.5525    0.2813   0.06729  0.007092  0.008396
     48/49     11.3G   0.03335  0.007985  0.003236   0.04457         2       640    0.6037    0.6472    0.5805    0.2717   0.06765  0.006879  0.008823
     49/49     11.3G   0.03256  0.007379  0.003094   0.04303         0       640    0.6629    0.6267    0.5852    0.2763   0.06514  0.007061  0.008366
