      0/49      5.9G   0.02803  0.007225  0.001965   0.03722         1       640    0.8243    0.5818    0.6703    0.3517   0.06116  0.007168  0.006895
      1/49     11.3G   0.02906  0.007504  0.002255   0.03882         4       640    0.8215    0.5599    0.6687    0.3613   0.06069  0.007112  0.006855
      2/49     11.3G    0.0279  0.006724  0.002115   0.03673         1       640     0.808    0.5772     0.637    0.3564   0.06121  0.007032  0.006904
      3/49     11.3G   0.02726  0.006998  0.001961   0.03622         2       640    0.9584    0.4603    0.6064    0.3342   0.06155  0.007225  0.006987
      4/49     11.3G   0.02887  0.006772  0.001901   0.03755         4       640     0.775    0.5768    0.6563    0.3475   0.06043  0.007265  0.007009
      5/49     11.3G   0.02634  0.007156  0.002446   0.03594         3       640    0.7636    0.6477    0.6598      0.34   0.05887  0.007085  0.007428
      6/49     11.3G   0.02512  0.006857  0.001819    0.0338         1       640    0.8225    0.5662     0.648    0.3311    0.0615  0.006975  0.007638
      7/49     11.3G   0.02656   0.00706  0.001847   0.03546         3       640    0.7191    0.5773    0.6259    0.3269   0.06092  0.007361  0.007558
      8/49     11.3G   0.02548  0.007025   0.00145   0.03395         3       640    0.6514    0.6822    0.6906    0.3279   0.06102  0.006802  0.006914
      9/49     11.3G   0.02659  0.006564  0.001941    0.0351         5       640    0.9048    0.5773    0.6755    0.3265   0.06176  0.007156  0.007061
     10/49     11.3G   0.02558  0.006054  0.001466    0.0331         0       640    0.7936    0.5273    0.6023     0.331   0.06041  0.007392  0.007606
     11/49     11.3G   0.02708  0.006987  0.001964   0.03604         5       640    0.8639    0.6271    0.6876     0.374    0.0618  0.006751  0.007212
     12/49     11.3G   0.02506  0.006547  0.001368   0.03297         5       640    0.6983    0.6356    0.6525    0.3261   0.06245  0.007189  0.007404
     13/49     11.3G   0.02714  0.007425  0.001569   0.03614         9       640    0.7186    0.6012    0.6568     0.329    0.0633  0.007391  0.007401
     14/49     11.3G    0.0253  0.006821  0.001439   0.03356         5       640    0.8216    0.5575    0.6056    0.2806   0.06179  0.007782  0.006109
     15/49     11.3G   0.02605  0.006663  0.001392   0.03411         1       640    0.6385    0.5569    0.5746     0.323   0.06163  0.007607  0.006343
     16/49     11.3G   0.02548  0.006749  0.001495   0.03372         4       640    0.7596    0.6867    0.6979    0.2942   0.06027   0.00753  0.006153
     17/49     11.3G   0.02617  0.006727  0.001428   0.03433         4       640     0.737    0.5637    0.6195    0.2718   0.06255  0.007995  0.008041
     18/49     11.3G   0.02682  0.006766  0.001611    0.0352         1       640    0.8732    0.6023    0.6792    0.2559   0.06021   0.00774  0.006137
     19/49     11.3G   0.02545  0.006693  0.001432   0.03358         0       640    0.6883    0.5273    0.5469    0.2629   0.05773  0.007886  0.006042
     20/49     11.3G   0.02628  0.006063  0.001134   0.03347         0       640    0.6507    0.6023    0.5645    0.2513   0.06065  0.007535  0.005992
     21/49     11.3G   0.02806   0.00646  0.001536   0.03605         4       640    0.6309    0.6021    0.5102    0.2711   0.05821  0.007502   0.00532
     22/49     11.3G   0.02703  0.007182  0.001218   0.03542         7       640    0.6717    0.5568    0.6014    0.2832   0.06089  0.007622  0.007351
     23/49     11.3G   0.02706  0.006706  0.002611   0.03638         1       640    0.6377    0.6224    0.5529     0.253   0.06052  0.008396  0.005681
     24/49     11.3G   0.02657  0.006616  0.001256   0.03444         2       640    0.6832    0.6273    0.5583    0.2455   0.06293  0.007684  0.005865
     25/49     11.3G   0.02683  0.006318  0.001947    0.0351         1       640    0.5342    0.6019    0.5477    0.2456    0.0644   0.00799  0.006717
     26/49     11.3G   0.02664  0.006394  0.002085   0.03512         5       640    0.7662    0.5317    0.5889    0.2319   0.06159  0.007495  0.007469
     27/49     11.3G   0.02693  0.006607   0.00147   0.03501         2       640     0.857    0.6023    0.6616    0.2717   0.05594  0.007866  0.004901
     28/49     11.3G   0.02656  0.006992    0.0014   0.03496         4       640    0.6658    0.5522    0.4918    0.2543   0.06068  0.008048  0.006301
     29/49     11.3G   0.02581  0.006366  0.001275   0.03345         1       640    0.7321    0.6024    0.6482     0.269   0.05951  0.007961  0.005524
     30/49     11.3G   0.02685  0.006724  0.001016   0.03459         6       640    0.7122    0.7062    0.5821    0.2247    0.0667  0.007842  0.006254
     31/49     11.3G   0.02601  0.007037  0.001188   0.03424         7       640    0.6749     0.672    0.5888      0.26   0.06108  0.007877  0.005457
     32/49     11.3G   0.02664  0.006722   0.00101   0.03437         6       640    0.6886    0.5566    0.5586    0.2505   0.06374  0.008174  0.005302
     33/49     11.3G   0.02535  0.006561  0.001131   0.03304         3       640    0.8222    0.5318    0.6128    0.2671    0.0649  0.007876  0.006118
     34/49     11.3G   0.02653  0.006424  0.001098   0.03405         5       640    0.7529    0.6227    0.6989    0.3081   0.06229  0.007567  0.006309
     35/49     11.3G    0.0262  0.006583  0.001109   0.03389         2       640    0.7911    0.6431    0.7284    0.3649   0.05952  0.006965  0.005339
     36/49     11.3G   0.02598  0.006277  0.001177   0.03343         4       640    0.6311    0.6977    0.6132    0.3068   0.05987  0.008064  0.005522
     37/49     11.3G   0.02567  0.006261  0.001129   0.03306         2       640    0.7214    0.4818    0.5502    0.2612   0.05983  0.008183  0.005357
     38/49     11.3G   0.02628  0.006486  0.001076   0.03385         3       640    0.7649    0.5273    0.5993    0.3122   0.06211  0.007217  0.006132
     39/49     11.3G   0.02576  0.006997 0.0009429   0.03369         4       640    0.8002    0.6023    0.6686    0.3015   0.06285   0.00702  0.005951
     40/49     11.3G   0.02464  0.006686 0.0008912   0.03222         5       640    0.8148    0.5197    0.5818    0.2785   0.06386  0.007375  0.006223
     41/49     11.3G   0.02572  0.006097 0.0009899   0.03281         1       640    0.8127     0.605     0.667    0.2528   0.06138  0.007924   0.00555
     42/49     11.3G   0.02424  0.006094 0.0008968   0.03123         2       640    0.7601    0.6727    0.6859     0.272   0.05998  0.007579  0.005505
     43/49     11.3G    0.0257   0.00682  0.001487     0.034         2       640    0.7601    0.5068    0.6088    0.2532   0.06122  0.007675  0.005366
     44/49     11.3G   0.02558   0.00668  0.001194   0.03345         1       640    0.9159    0.5773    0.6382    0.2573   0.06012  0.007932  0.005916
     45/49     11.3G   0.02578  0.007174  0.001889   0.03484         1       640    0.6389    0.6273    0.6069    0.2714   0.06057  0.007577  0.004877
     46/49     11.3G   0.02694  0.006948  0.001248   0.03513         5       640    0.6927    0.5771    0.5407    0.2613   0.05799   0.00775   0.00438
     47/49     11.3G   0.02582  0.006516  0.001403   0.03374         1       640    0.6867    0.6023     0.563    0.2671   0.06064  0.007593  0.004444
     48/49     11.3G   0.02563  0.007042  0.001662   0.03433         2       640    0.6794    0.6018    0.4974    0.2267   0.05637  0.007964  0.004303
     49/49     11.3G   0.02505  0.006259   0.00137   0.03268         0       640    0.5942    0.6265    0.4783    0.1858   0.05688  0.008163  0.004562
