      0/99     1.82G   0.04924  0.008952  0.003187   0.06138         3       640     0.502    0.5523    0.4962    0.2261   0.03621  0.006432  0.002638
      1/99     3.01G   0.04299   0.00812  0.002165   0.05327         1       640    0.5308    0.5523    0.4953    0.2362   0.03606  0.006446  0.002581
      2/99     3.01G   0.04783  0.008325  0.002948    0.0591         4       640    0.5228    0.5523    0.4831    0.2172   0.03574  0.006513  0.002443
      3/99     3.01G   0.04427  0.008304  0.002939   0.05551         0       640    0.4922    0.5063    0.4685    0.2339   0.03534  0.006579  0.002445
      4/99     3.01G     0.048    0.0081  0.002906   0.05901         4       640    0.8567    0.3966    0.4966      0.22    0.0369  0.006686  0.002836
      5/99     3.01G   0.04402  0.009161  0.002399   0.05558         3       640    0.8555    0.3613    0.4643    0.2131   0.03676  0.006551  0.002488
      6/99     3.01G   0.04497  0.008123  0.002707    0.0558         1       640    0.8953    0.3614    0.4658     0.205    0.0377  0.006567  0.002595
      7/99     3.01G   0.04273  0.008404  0.002547   0.05368         1       640    0.5198    0.5239    0.4873     0.222    0.0379  0.006479  0.002472
      8/99     3.01G   0.04865  0.009022  0.003439   0.06111         3       640    0.5861     0.411    0.4205     0.204   0.03769  0.006547  0.002862
      9/99     3.01G    0.0464  0.008606  0.002399   0.05741         4       640    0.8727    0.3364    0.4503    0.2223   0.03924  0.006827  0.003187
     10/99     3.01G   0.04687  0.008841  0.002865   0.05858         1       640    0.4095    0.5773     0.449    0.1966   0.03675  0.006599  0.002863
     11/99     3.01G   0.04198  0.008402  0.002229   0.05261         6       640    0.6131    0.4491    0.4836    0.1997   0.03797  0.006487  0.002298
     12/99     3.01G    0.0458  0.009032  0.002465    0.0573         6       640    0.4653    0.5264    0.4301    0.1756    0.0362  0.006413  0.002498
     13/99     3.01G   0.04833  0.008074  0.002525   0.05893         1       640    0.4776     0.496    0.4131    0.2039   0.03859  0.006602  0.002372
     14/99     3.01G   0.04736  0.009187  0.002652    0.0592         3       640    0.4882    0.5068    0.4391    0.1822   0.03573  0.006732  0.002341
     15/99     3.01G   0.04538   0.00922  0.002574   0.05717         3       640    0.5342    0.5977    0.4753    0.1819   0.03597  0.006495   0.00213
     16/99     3.01G   0.04502  0.008748  0.002891   0.05666         1       640    0.4427    0.4566    0.3645    0.1362    0.0378  0.006708  0.002921
     17/99     3.01G   0.04944  0.007984  0.003124   0.06055         1       640    0.4483    0.4523    0.3984    0.1263   0.03839   0.00661  0.002696
     18/99     3.01G   0.04662  0.009161  0.003127   0.05891         4       640    0.5581    0.4409    0.4373    0.1575   0.03694  0.006982  0.002554
     19/99     3.01G   0.04721  0.008846  0.002737   0.05879         5       640    0.4783    0.5477    0.4596    0.1845   0.03693   0.00683  0.002124
     20/99     3.01G   0.04918  0.008839  0.002581    0.0606         1       640    0.4476    0.4568    0.3887    0.1511   0.03746   0.00664   0.00267
     21/99     3.01G   0.04656  0.008521  0.002584   0.05766         4       640    0.5076    0.4773     0.388    0.1495   0.04003  0.006668  0.002343
     22/99     3.01G   0.04791  0.008811  0.002731   0.05945         3       640    0.4252    0.4773    0.3766    0.1338    0.0387  0.006758  0.002269
     23/99     3.01G   0.04594  0.008219  0.002539    0.0567         0       640    0.4736    0.4068    0.3586     0.142   0.03633  0.007028   0.00224
     24/99     3.01G   0.04629   0.00905  0.003413   0.05876         5       640    0.6407    0.3817     0.381    0.1712   0.03998  0.006995  0.003304
     25/99     3.01G   0.04923  0.008863  0.002764   0.06086         2       640    0.8178    0.3818    0.4667    0.2123   0.03954  0.006562  0.003418
     26/99     3.01G   0.04579  0.009695  0.003143   0.05863         7       640    0.5651    0.4235    0.3889     0.176   0.04201  0.006783  0.002662
     27/99     3.01G   0.04752  0.008614  0.002776   0.05891         1       640    0.3546    0.3758    0.2694   0.08645    0.0431  0.007362  0.004056
     28/99     3.01G   0.04449  0.008988  0.002758   0.05624         2       640    0.4423    0.6261    0.4618    0.1719   0.03962  0.006077  0.002606
     29/99     3.01G    0.0436  0.008596  0.002755   0.05495         2       640    0.4897    0.6164    0.4754    0.1834   0.03738  0.006613  0.002268
     30/99     3.01G   0.04715  0.008851   0.00285   0.05885         9       640    0.5139    0.4977    0.3929    0.1787   0.03747  0.007023  0.002765
     31/99     3.01G   0.04733  0.009325  0.002785   0.05944         4       640    0.3387    0.4568    0.3729    0.1481   0.03912  0.006685  0.002309
     32/99     3.01G   0.04777   0.00859  0.002437    0.0588         1       640    0.5626    0.3266    0.3448   0.09798   0.04162  0.007525  0.002387
     33/99     3.01G   0.04443  0.008962  0.003713    0.0571         1       640    0.5641    0.4304    0.4314    0.1728   0.03719  0.006746  0.002145
     34/99     3.01G   0.04677  0.008588  0.002513   0.05788         2       640    0.4242    0.6432    0.4739     0.153   0.03769  0.006606  0.002504
     35/99     3.01G   0.04881  0.009258  0.002898   0.06097         3       640    0.5882    0.3114    0.3842    0.1264   0.03867  0.007147  0.003158
     36/99     3.01G   0.04719  0.009081  0.002843   0.05911         6       640    0.4235    0.3606    0.3404    0.1146   0.03973  0.007343  0.003567
     37/99     3.01G    0.0471   0.00906  0.002997   0.05915         3       640    0.4152    0.4114    0.3529     0.137   0.03878  0.007143  0.002438
     38/99     3.01G   0.04828  0.008584  0.002246   0.05911         5       640    0.6782    0.4114    0.4658    0.1815   0.03752  0.006964  0.002569
     39/99     3.01G   0.04858  0.009209  0.002807    0.0606         8       640    0.4471    0.5014    0.3547    0.1288   0.03857  0.007056  0.002705
     40/99     3.01G   0.04262  0.008154   0.00218   0.05296         2       640     0.352    0.4977    0.2836   0.08328   0.04028  0.007592  0.002793
     41/99     3.01G   0.05023  0.009053  0.003361   0.06264         5       640    0.4082    0.3406    0.2849    0.1214   0.04159   0.00764  0.003481
     42/99     3.01G   0.04992  0.009011  0.002992   0.06193         3       640    0.2661    0.1614    0.1465   0.05178   0.04473  0.008383  0.002687
     43/99     3.01G    0.0493  0.009493  0.002622   0.06141         4       640    0.3682    0.4227    0.3438    0.1112   0.04297  0.007482  0.002278
     44/99     3.01G    0.0481  0.008502  0.003336   0.05994         1       640    0.5788    0.4517    0.4236    0.1479   0.03997  0.007008   0.00244
     45/99     3.01G   0.04692  0.008926  0.003101   0.05894         4       640    0.4033    0.4977    0.3643    0.1162   0.04208  0.007136  0.002671
     46/99     3.01G   0.04716  0.008711   0.00293    0.0588         1       640    0.4974    0.4771    0.4183    0.1483   0.04223  0.006981  0.002223
     47/99     3.01G   0.04758  0.008649  0.002934   0.05916         1       640    0.5589    0.3818      0.34    0.1337    0.0407  0.007589  0.002306
     48/99     3.01G   0.04949   0.00909  0.003799   0.06238         4       640    0.6249    0.4725    0.4848    0.2143   0.03978  0.006565  0.002575
     49/99     3.01G   0.04734  0.008638  0.003216   0.05919         1       640    0.5734    0.4568    0.4365    0.1584   0.03801  0.006598  0.002148
     50/99     3.01G   0.04727  0.009149  0.002821   0.05924         5       640    0.5644    0.3841    0.3824    0.1728    0.0446  0.007158  0.002642
     51/99     3.01G   0.04979  0.008794  0.003266   0.06185         2       640    0.5264    0.3773     0.361    0.1379   0.04449  0.007005  0.002579
     52/99     3.01G   0.04942  0.009023  0.002963   0.06141         4       640    0.5851    0.3364    0.3875    0.1288   0.03912  0.006877  0.002445
     53/99     3.01G   0.04602  0.008996  0.002377   0.05739         2       640    0.3646    0.5905     0.397    0.1513   0.03965  0.006932  0.002171
     54/99     3.01G   0.04802  0.009284  0.002892    0.0602         5       640    0.5726    0.4318    0.4159    0.1647   0.03835  0.006623  0.002297
     55/99     3.01G   0.04736  0.009164  0.002748   0.05927         4       640     0.455    0.4519    0.4073    0.1873   0.03652  0.006861  0.002405
     56/99     3.01G   0.04782  0.008718  0.002418   0.05895         2       640    0.5383    0.4568    0.4129    0.2051   0.03793   0.00681  0.002378
     57/99     3.01G   0.04834  0.007918  0.002593   0.05885         1       640    0.5503    0.5273     0.466    0.1885   0.03702  0.006717  0.001928
     58/99     3.01G     0.049  0.007999  0.002172   0.05917         1       640    0.3677    0.5477    0.3556    0.1474   0.03775   0.00664  0.002211
     59/99     3.01G   0.04588  0.009155  0.002524   0.05756         8       640    0.5245    0.5726    0.4974    0.1988    0.0364  0.006721  0.001892
     60/99     3.01G   0.04325  0.008798  0.003542   0.05559         1       640    0.4184    0.3456    0.3052    0.1426   0.04114   0.00634  0.003927
     61/99     3.01G   0.04909  0.008753  0.002736   0.06058         3       640    0.5193    0.4568     0.437    0.1838   0.03726  0.006889  0.002624
     62/99     3.01G   0.04449  0.008232  0.003215   0.05594         0       640    0.5102    0.4064    0.3764    0.1584   0.04006  0.007717  0.003559
     63/99     3.01G   0.04426  0.008625  0.002673   0.05556         3       640    0.3768    0.4818    0.4144    0.1589   0.04015  0.007311   0.00243
     64/99     3.01G   0.04979  0.008413  0.002956   0.06116         1       640    0.5533    0.4068    0.3971    0.1328   0.04073  0.007151  0.002524
     65/99     3.01G   0.04679  0.008771  0.002571   0.05813         3       640    0.3473    0.6227    0.4049    0.1679   0.03905  0.006756   0.00184
     66/99     3.01G   0.04562  0.009067   0.00243   0.05712         3       640    0.6637     0.411    0.4212    0.1548   0.03853  0.006664  0.001977
     67/99     3.01G   0.04576  0.009158  0.002615   0.05753         4       640    0.6299    0.3854    0.4271    0.1664   0.03743  0.006813  0.001993
     68/99     3.01G   0.04592  0.008377  0.002431   0.05673         1       640    0.4774    0.4818    0.4435    0.1899   0.03649  0.006784  0.002564
     69/99     3.01G   0.04236  0.008909  0.002026    0.0533         7       640    0.7991      0.35    0.4468    0.1706   0.03829  0.006959  0.003002
     70/99     3.01G   0.04679   0.00851  0.003027   0.05833         1       640    0.4665    0.4864    0.4505    0.1868   0.03757  0.006588  0.002522
     71/99     3.01G   0.04751  0.008608   0.00251   0.05862         1       640    0.5374    0.4114    0.4203    0.1786   0.03659  0.006881  0.002545
     72/99     3.01G    0.0446  0.008617  0.002335   0.05555         1       640    0.4619    0.4614    0.4176    0.1738   0.03572  0.006755  0.003318
     73/99     3.01G   0.04144  0.008578  0.002465   0.05248         0       640    0.5464    0.6682    0.4975     0.199   0.03581  0.006439  0.002948
     74/99     3.01G   0.04694  0.007794  0.002321   0.05706         1       640    0.6339    0.4768      0.48    0.2212   0.03543  0.006637  0.002687
     75/99     3.01G   0.04711  0.008485  0.002392   0.05799         4       640    0.5476    0.5458    0.4474    0.1945   0.03604  0.006496  0.002481
     76/99     3.01G   0.04751  0.008164  0.002559   0.05823         2       640     0.501    0.5055    0.4459     0.189   0.03662  0.006565  0.002297
     77/99     3.01G   0.04753  0.008353   0.00243   0.05831         1       640    0.4311    0.5727    0.4388    0.1893   0.03532  0.006628  0.002526
     78/99     3.01G   0.04617  0.008262  0.002775   0.05721         3       640    0.5101    0.5587    0.4854    0.2054   0.03564  0.006573  0.002777
     79/99     3.01G    0.0439  0.008318  0.002314   0.05453         4       640    0.5633    0.6645    0.5611    0.2223    0.0368  0.006534  0.003172
     80/99     3.01G   0.04607  0.008462  0.002816   0.05735         3       640    0.6044    0.4815    0.4912    0.2045   0.03731  0.006598  0.002812
     81/99     3.01G   0.03902  0.007946  0.002828    0.0498         1       640    0.5135    0.4864    0.4314    0.1753    0.0371  0.006812  0.003106
     82/99     3.01G   0.04508  0.008621  0.002646   0.05635         0       640    0.5128    0.5303    0.4284    0.1831   0.03648  0.006711  0.003213
     83/99     3.01G   0.04437  0.008316  0.002379   0.05506         1       640    0.4996    0.6217    0.4897    0.2253   0.03596  0.006514  0.003516
     84/99     3.01G   0.04776  0.009385   0.00272   0.05986         9       640    0.5192    0.6221    0.4814     0.218    0.0355  0.006494  0.002825
     85/99     3.01G   0.04673  0.009052  0.003568   0.05935         0       640    0.5243    0.4815    0.4233    0.1918   0.03577  0.006474  0.002181
     86/99     3.01G   0.04619  0.008714  0.002785   0.05769        10       640    0.4889    0.5318    0.4176     0.194   0.03557  0.006453   0.00213
     87/99     3.01G   0.04611  0.008567  0.002508   0.05719         8       640    0.4674    0.5772    0.4349    0.1874   0.03614  0.006694  0.002172
     88/99     3.01G   0.04934  0.008743  0.002949   0.06103         4       640     0.478    0.5318     0.414    0.1739   0.03533  0.006611  0.001965
     89/99     3.01G   0.04462  0.008051  0.002352   0.05503         0       640    0.4981    0.5229    0.4301    0.1955   0.03565  0.006478   0.00202
     90/99     3.01G   0.04661  0.008622  0.002552   0.05779         1       640    0.4759    0.5316    0.4078    0.1883   0.03631  0.006489  0.002193
     91/99     3.01G   0.04495  0.008756  0.003409   0.05711         4       640    0.4686    0.4565    0.4077    0.1913   0.03676  0.006507  0.002329
     92/99     3.01G   0.04498  0.009234  0.002943   0.05716         9       640    0.4862    0.4568    0.4075    0.1888   0.03657  0.006576   0.00255
     93/99     3.01G   0.04248  0.008942  0.002402   0.05382         1       640    0.4782    0.5773    0.4574    0.1942   0.03549  0.006724  0.002605
     94/99     3.01G   0.04506   0.00919  0.002664   0.05691         5       640    0.5674    0.5062    0.4776    0.2002   0.03524  0.006413  0.002273
     95/99     3.01G   0.04083  0.008295  0.002508   0.05163         1       640    0.5847    0.5318    0.4695    0.2106     0.035  0.006307   0.00212
     96/99     3.01G   0.04275  0.008582  0.002368    0.0537         1       640    0.5766    0.5773      0.47    0.2258   0.03418  0.006238  0.002041
     97/99     3.01G   0.04339  0.008095  0.002375   0.05386         0       640    0.5127    0.5256    0.4499    0.2132   0.03446  0.006249  0.001921
     98/99     3.01G   0.04387  0.008971  0.001894   0.05473         3       640    0.6089    0.4614    0.4772    0.2311   0.03508  0.006307  0.001989
     99/99     3.01G     0.044  0.008812  0.002734   0.05555         4       640    0.6855    0.4864    0.4945    0.2228   0.03542  0.006463  0.001964
