      0/99     1.84G   0.05361  0.009262  0.004089   0.06696         3       640    0.3631    0.4563     0.379    0.1172   0.04338  0.006677  0.001883
      1/99     2.45G    0.0477  0.008555  0.003132   0.05939         1       640    0.2908    0.5068    0.3506    0.1008   0.04352  0.006639  0.001881
      2/99     2.45G    0.0529  0.008546  0.004034   0.06548         4       640    0.4468    0.4357    0.3843    0.1108   0.04277  0.006617  0.001936
      3/99     2.45G   0.05141  0.008533   0.00359   0.06353         0       640    0.3304    0.3614    0.2901   0.09778   0.04307   0.00669  0.001866
      4/99     2.45G   0.05342   0.00842  0.003857    0.0657         4       640    0.5278    0.4568    0.4127    0.1487   0.04225  0.006618  0.001953
      5/99     2.45G   0.05021  0.009381  0.003782   0.06337         3       640    0.4592    0.4068    0.3851    0.1248   0.04136  0.006707  0.001871
      6/99     2.45G   0.05085  0.008428  0.003619    0.0629         1       640    0.4457    0.4568    0.3821    0.1185   0.04338  0.006684   0.00205
      7/99     2.45G   0.04874  0.008684  0.003696   0.06112         1       640    0.4469    0.3568    0.3143   0.08676   0.04729  0.006905  0.002039
      8/99     2.45G   0.05358  0.009342  0.004393   0.06731         3       640     0.301    0.5477    0.3537    0.1007   0.04386  0.006767  0.001841
      9/99     2.45G   0.05133  0.009009  0.003255   0.06359         4       640    0.4018    0.3614     0.318    0.1109   0.04296   0.00709  0.001955
     10/99     2.45G    0.0511  0.009172  0.003855   0.06413         1       640    0.2724    0.6636    0.3245    0.1192   0.04408  0.006523   0.00206
     11/99     2.45G   0.04846  0.008881  0.003519   0.06086         6       640    0.3261    0.4227    0.2849   0.07864   0.04738  0.006865  0.001854
     12/99     2.45G   0.05187  0.009414  0.004111   0.06539         6       640    0.3397    0.5682    0.3461   0.09402     0.045  0.006488  0.001695
     13/99     2.45G   0.05306  0.008419  0.003402   0.06488         1       640    0.4746    0.4318    0.3667    0.1192   0.04461  0.006581  0.001774
     14/99     2.45G   0.05233  0.009464  0.004022   0.06582         3       640    0.5001    0.3864     0.355   0.09836    0.0498  0.007224  0.002543
     15/99     2.45G    0.0512   0.00946  0.004033   0.06469         3       640    0.2526    0.4682    0.2422   0.05535    0.0495  0.007029   0.00234
     16/99     2.45G    0.0508  0.008977  0.003625   0.06341         1       640     0.299    0.4175    0.2918    0.0777   0.04368   0.00689  0.002229
     17/99     2.45G   0.05355  0.008405  0.004513   0.06647         1       640    0.4588    0.3257    0.3265    0.1219   0.04448  0.007056  0.001909
     18/99     2.45G   0.05126  0.009335  0.004114   0.06471         4       640    0.4256    0.4523    0.3548    0.1257   0.04371  0.006858  0.001673
     19/99     2.45G   0.05325  0.008947  0.004509   0.06671         5       640    0.4803    0.3773    0.3673    0.1257   0.04348  0.006575  0.001673
     20/99     2.45G   0.05382  0.009066  0.003919   0.06681         1       640    0.4744    0.5224    0.4473    0.1586   0.04155  0.006742  0.002051
     21/99     2.45G   0.05117   0.00892  0.004187   0.06428         4       640    0.3605    0.3568    0.3061    0.1078   0.04567  0.006741  0.001806
     22/99     2.45G   0.05284  0.009014  0.004067   0.06592         3       640    0.2839    0.6377    0.3248    0.1117   0.04393  0.006777  0.002248
     23/99     2.45G   0.05163  0.008413  0.004355   0.06439         0       640    0.4613    0.2114    0.2142   0.06782   0.04263  0.007231  0.002303
     24/99     2.45G   0.05276   0.00926  0.004609   0.06662         5       640     0.388    0.3318    0.2413   0.05787   0.04553   0.00722  0.003651
     25/99     2.45G   0.05375  0.009095  0.003876   0.06672         2       640    0.2969    0.4773    0.3057    0.1026   0.04343  0.006953  0.002041
     26/99     2.45G   0.05301  0.009843  0.003844    0.0667         7       640    0.3077    0.3304    0.2276   0.06487   0.04757  0.007257  0.004445
     27/99     2.45G   0.05173   0.00893  0.003402   0.06406         1       640     0.606    0.3523    0.3052   0.09196   0.04518  0.007398  0.002836
     28/99     2.45G   0.04866  0.009198  0.003245    0.0611         2       640    0.5462    0.3823    0.3544    0.1113   0.04513  0.007102  0.002141
     29/99     2.45G   0.04984  0.008811  0.004043   0.06269         2       640    0.2213    0.2318    0.1666   0.04392   0.04643  0.007358  0.002234
     30/99     2.45G   0.05138  0.009047  0.004348   0.06478         9       640    0.4158    0.4316    0.3323    0.1126   0.04471  0.006965  0.005024
     31/99     2.45G   0.05304   0.00954  0.004093   0.06667         4       640    0.1879    0.5136    0.1716   0.03933    0.0511  0.006928  0.003063
     32/99     2.45G   0.05228  0.008949  0.003851   0.06508         1       640    0.2403    0.3568    0.2214   0.06315   0.04525  0.007281  0.002956
     33/99     2.45G   0.05153  0.009147  0.004841   0.06552         1       640     0.296    0.3771    0.2527   0.08945   0.04344  0.007048  0.002361
     34/99     2.45G   0.05165  0.009029  0.004091   0.06477         2       640    0.3953    0.2159    0.2305   0.06324   0.04515  0.006962  0.002405
     35/99     2.45G   0.05481  0.009605  0.004138   0.06856         3       640    0.3363     0.327    0.2356   0.06442   0.04763   0.00721  0.002078
     36/99     2.45G   0.05252   0.00962   0.00407   0.06621         6       640    0.3312    0.2064    0.1995    0.0649   0.05252  0.007703  0.005221
     37/99     2.45G   0.05305  0.009605  0.004285   0.06694         3       640    0.2664    0.4727     0.298   0.07427     0.046  0.007424  0.002035
     38/99     2.45G   0.05567  0.009032  0.004072   0.06878         5       640     0.365    0.3066    0.2393    0.0586   0.04771   0.00776  0.003295
     39/99     2.45G   0.05404  0.009448  0.003881   0.06737         8       640    0.4877    0.3568    0.3445   0.09719   0.04424   0.00724  0.002333
     40/99     2.45G   0.05311  0.008537  0.003451    0.0651         2       640    0.1854    0.3068    0.1456   0.03108   0.04636  0.007462  0.002132
     41/99     2.45G   0.05639  0.009364  0.004575   0.07033         5       640    0.3693    0.3818     0.281   0.09466   0.04655  0.007124  0.001782
     42/99     2.45G   0.05561  0.009041   0.00437   0.06902         3       640    0.2388    0.4523    0.2679   0.07556   0.04594  0.007139  0.002097
     43/99     2.45G   0.05387  0.009467  0.003441   0.06678         4       640    0.3951    0.4223    0.3762   0.09678   0.04338  0.007106  0.002831
     44/99     2.45G   0.05364  0.008664  0.004354   0.06666         1       640    0.4386    0.4725    0.3652   0.09749   0.04478  0.006599  0.001694
     45/99     2.45G   0.05322  0.009209  0.004018   0.06645         4       640    0.3074    0.3273    0.2602   0.09452   0.04502  0.007026  0.001753
     46/99     2.45G    0.0537  0.008925  0.003736   0.06636         1       640    0.3446    0.2068     0.176   0.03588   0.04919  0.007899  0.007036
     47/99     2.45G   0.05288  0.008817  0.003685   0.06538         1       640    0.3238    0.2864    0.2142   0.06068   0.04842  0.007476  0.002786
     48/99     2.45G   0.05476  0.009601  0.004367   0.06873         4       640    0.1566    0.4436    0.1955   0.05537   0.04762  0.007323  0.002441
     49/99     2.45G   0.05063  0.008823  0.005288   0.06474         1       640    0.1836    0.2549    0.1393   0.03978   0.04958  0.007283  0.002259
     50/99     2.45G   0.05104  0.009299  0.004119   0.06446         5       640    0.2846    0.4475    0.2764   0.07182   0.04676  0.006921  0.001739
     51/99     2.45G   0.05345  0.008797  0.004256    0.0665         2       640    0.2082    0.2523    0.1549   0.03449   0.05091  0.007203  0.001758
     52/99     2.45G   0.05451  0.009176  0.004177   0.06786         4       640    0.1692    0.4932     0.164   0.03506   0.05009  0.007489  0.001809
     53/99     2.45G   0.04953  0.009136  0.003374   0.06204         2       640    0.2706    0.4068    0.2645   0.05724   0.04463  0.006888   0.00182
     54/99     2.45G   0.05125   0.00948  0.003818   0.06455         5       640    0.5675    0.2954    0.2874   0.07916   0.04561  0.006641  0.002142
     55/99     2.45G   0.05261  0.009367  0.003689   0.06567         4       640    0.4286    0.5227    0.3928    0.1232   0.04305  0.006342  0.002129
     56/99     2.45G   0.05267  0.008814  0.003784   0.06527         2       640     0.269    0.5932    0.2799   0.06915   0.04499  0.006646  0.001693
     57/99     2.45G   0.05247  0.008082  0.003412   0.06396         1       640    0.2333    0.2659    0.1823   0.05443   0.04506  0.007017  0.001921
     58/99     2.45G   0.05454  0.008291  0.003699   0.06653         1       640    0.2842    0.3318    0.2247   0.07304   0.04609  0.006936  0.002345
     59/99     2.45G   0.05219  0.009526   0.00392   0.06564         8       640    0.2749    0.2102     0.216   0.07083   0.04757    0.0075  0.004077
     60/99     2.45G   0.04691   0.00908  0.003858   0.05985         1       640    0.2754    0.5773      0.33    0.1155   0.04239  0.006729  0.002891
     61/99     2.45G   0.05419  0.008928  0.004033   0.06715         3       640    0.1794    0.6091    0.2445   0.08231   0.04513  0.007432  0.002446
     62/99     2.45G   0.04882  0.008466  0.004102   0.06139         0       640    0.4226    0.4182    0.3165    0.1113   0.04229  0.007469  0.002409
     63/99     2.45G   0.04899  0.008794  0.003104   0.06089         3       640     0.367    0.4273    0.3309    0.1343   0.04108  0.007175   0.00221
     64/99     2.45G   0.05575   0.00862   0.00389   0.06826         1       640    0.4946    0.4568    0.3386    0.1055   0.04078  0.007098  0.002009
     65/99     2.45G    0.0513  0.009075  0.003225    0.0636         3       640    0.4768    0.5758    0.3903    0.1435    0.0395  0.007059  0.001872
     66/99     2.45G   0.04913  0.009346  0.003803   0.06228         3       640    0.4443    0.5727     0.385    0.1271   0.03927  0.006716  0.001898
     67/99     2.45G   0.05056   0.00931   0.00374   0.06362         4       640    0.4021    0.5773    0.4139    0.1537   0.03902  0.006693  0.001701
     68/99     2.45G   0.04941  0.008536  0.003676   0.06162         1       640    0.3648    0.2909    0.2656   0.07399   0.04309  0.007248  0.002506
     69/99     2.45G   0.04812  0.009224  0.003001   0.06034         7       640    0.4148    0.4797     0.388    0.1123   0.04078  0.006685  0.002074
     70/99     2.45G   0.05153  0.008754  0.003531   0.06381         1       640    0.4151    0.4523       0.4    0.1478   0.04181  0.006614  0.002116
     71/99     2.45G   0.05182  0.008918  0.003464    0.0642         1       640    0.3925    0.4977    0.3756   0.09767   0.04342  0.006713  0.002411
     72/99     2.45G   0.04935  0.008866  0.003292   0.06151         1       640    0.4363    0.4771    0.4024    0.1265   0.04182  0.006728   0.00191
     73/99     2.45G   0.04643  0.008809  0.003504   0.05874         0       640     0.515    0.5477    0.4205    0.1121   0.04245  0.006567  0.001792
     74/99     2.45G   0.04852    0.0082  0.003463   0.06018         1       640    0.4441    0.5272    0.4331    0.1587   0.03997  0.006584  0.001899
     75/99     2.45G   0.05034  0.008745  0.004031   0.06312         4       640    0.3816    0.5273    0.3736    0.1193   0.03963  0.007028  0.002541
     76/99     2.45G    0.0522  0.008412  0.003875   0.06449         2       640    0.5258    0.4614    0.4744    0.1751   0.04006  0.006927  0.002095
     77/99     2.45G   0.05063  0.008674  0.003299    0.0626         1       640      0.46    0.5251    0.4448    0.1842   0.03877  0.006698  0.001905
     78/99     2.45G   0.05032  0.008589   0.00429    0.0632         3       640    0.5874    0.5341    0.4697    0.1723   0.03895  0.006643  0.001954
     79/99     2.45G   0.04925   0.00855  0.003781   0.06158         4       640     0.628    0.4977    0.4771    0.1753   0.04125  0.006564  0.001892
     80/99     2.45G   0.04846  0.008797  0.003434   0.06069         3       640    0.4705    0.4273    0.3663    0.1186   0.04312  0.006743  0.002017
     81/99     2.45G   0.04357  0.008177  0.003669   0.05542         1       640    0.4538    0.4085     0.383    0.1587   0.04018  0.006849  0.002729
     82/99     2.45G   0.04905  0.008878  0.003482   0.06141         0       640    0.4649    0.5309     0.455    0.2044   0.03946  0.006539  0.002086
     83/99     2.45G   0.04762  0.008441  0.003221   0.05929         1       640    0.5327    0.4568    0.4356     0.189    0.0391  0.006462  0.002078
     84/99     2.45G   0.05137   0.00951  0.003578   0.06446         9       640     0.413    0.5012    0.4036    0.1449   0.03865  0.006625  0.001997
     85/99     2.45G   0.04953  0.009251  0.003777   0.06256         0       640    0.3109    0.6682    0.4019    0.1275   0.03886  0.006671  0.001917
     86/99     2.45G   0.04976  0.009091  0.003237   0.06209        10       640    0.4084    0.4568    0.4162    0.1383    0.0388  0.006497  0.001865
     87/99     2.45G   0.04783  0.008896  0.003314   0.06004         8       640    0.4865    0.4244     0.393    0.1326   0.04101  0.006695  0.001954
     88/99     2.45G   0.05203  0.009073  0.003927   0.06503         4       640    0.3225    0.6205    0.3872    0.1478   0.03793  0.006578  0.001931
     89/99     2.45G   0.04808  0.008369  0.003658   0.06011         0       640    0.5258    0.4773    0.4325    0.1766    0.0394  0.006516  0.002136
     90/99     2.45G   0.04922  0.008984  0.003587   0.06179         1       640    0.3596    0.3818    0.3281    0.1094   0.04111  0.006988   0.00371
     91/99     2.45G   0.04916  0.008983  0.004231   0.06238         4       640    0.4361    0.3614    0.3408     0.124   0.04034  0.006846  0.002089
     92/99     2.45G   0.04955   0.00948  0.003923   0.06295         9       640    0.4241    0.4818    0.3768     0.128   0.03948  0.006672  0.001756
     93/99     2.45G   0.04594  0.009198  0.003073   0.05821         1       640    0.5424    0.4814     0.445    0.1562   0.03957  0.006709  0.001686
     94/99     2.45G   0.04929  0.009444  0.003657   0.06239         5       640    0.5714    0.4318    0.3875    0.1342   0.04048  0.006689  0.001684
     95/99     2.45G   0.04557  0.008593  0.003163   0.05732         1       640    0.4914    0.4812    0.4084    0.1619   0.03941  0.006632  0.001675
     96/99     2.45G   0.04689  0.008857  0.003043   0.05879         1       640    0.3814    0.6186    0.4161    0.1829   0.03736   0.00656  0.001646
     97/99     2.45G   0.04703  0.008485  0.002881    0.0584         0       640    0.5071    0.4889    0.4427    0.1908   0.03798  0.006494  0.001623
     98/99     2.45G   0.04538  0.009309  0.002973   0.05766         3       640    0.7287    0.4067    0.4787    0.2124    0.0387  0.006512  0.001634
     99/99     2.45G   0.04746  0.008773  0.003799   0.06003         4       640    0.6092    0.5316    0.4658    0.1864    0.0381  0.006578  0.001625
