       0/9     9.84G   0.04693  0.008518   0.01383   0.06928         1       640     0.414    0.4568    0.3194   0.09323   0.08537    0.0062   0.01471
       1/9     12.9G   0.04898  0.008605   0.01435   0.07193         4       640    0.2781    0.4539    0.2497   0.07562   0.08551  0.006196   0.01472
       2/9     12.9G   0.04706  0.007854   0.01391   0.06882         1       640    0.3065    0.5037    0.3055   0.07992   0.08634  0.006162   0.01466
       3/9     12.9G   0.04719  0.008095   0.01405   0.06934         2       640    0.3516    0.4159    0.2963   0.09173   0.08479  0.006212   0.01468
       4/9     12.9G   0.04868  0.007565     0.014   0.07025         4       640    0.3046    0.3909    0.2692     0.079   0.08558  0.006199   0.01467
       5/9     12.9G   0.04529  0.008244   0.01364   0.06718         3       640    0.2825    0.4611    0.2613   0.08722   0.08486  0.006217   0.01462
       6/9     12.9G   0.04495  0.008225   0.01391   0.06708         1       640    0.2825    0.4409    0.2726   0.08031   0.08464  0.006125   0.01463
       7/9     12.9G   0.04544  0.008078   0.01374   0.06726         3       640    0.3082    0.3409    0.2431   0.06575   0.08404  0.006207   0.01464
       8/9     12.9G   0.04352  0.008017   0.01378   0.06532         3       640    0.3164    0.3864     0.246   0.08397   0.08302  0.006056   0.01463
       9/9     12.9G   0.04547  0.007586   0.01368   0.06674         5       640    0.3784    0.4364    0.3159    0.1038   0.08285  0.006095   0.01462
