      0/99     1.84G   0.06121  0.009432  0.009166   0.07981         3       640    0.9855   0.04545   0.07409   0.02077   0.05384  0.007275  0.006623
      1/99      2.5G   0.05803  0.008842  0.008232   0.07511         1       640   0.06449    0.1818   0.09312   0.01879   0.05333  0.007316  0.006604
      2/99      2.5G   0.06053  0.008798  0.008205   0.07753         4       640    0.5902   0.09091   0.06621   0.01621   0.05406  0.007269  0.006748
      3/99      2.5G   0.05815  0.008747  0.008243   0.07514         0       640   0.09502    0.1818       0.1   0.01736   0.05416  0.007274  0.006798
      4/99      2.5G   0.06068  0.008784  0.008549   0.07801         4       640   0.06912    0.2273   0.08893   0.01159   0.05395  0.007157  0.006811
      5/99      2.5G    0.0579    0.0094  0.008221   0.07552         3       640   0.06115    0.1818   0.09193   0.01616   0.05359    0.0071  0.006212
      6/99      2.5G   0.05788   0.00878  0.007997   0.07465         1       640    0.9993   0.04545   0.09003    0.0143   0.05209  0.007229  0.006775
      7/99      2.5G   0.05906  0.008948  0.008425   0.07644         1       640    0.9976   0.04545   0.08599   0.02243   0.05343  0.007295  0.006487
      8/99      2.5G    0.0607  0.009556  0.009064   0.07932         3       640    0.8323   0.09091    0.1009   0.01647   0.05368  0.007237  0.006303
      9/99      2.5G   0.05798  0.009239  0.007832   0.07505         4       640    0.7499   0.09085    0.0865   0.02636   0.05431  0.007195  0.006592
     10/99      2.5G   0.05914  0.009367  0.007956   0.07646         1       640    0.9995   0.04545   0.07716   0.02247   0.05558  0.007354  0.006827
     11/99      2.5G   0.05776  0.009216  0.007321    0.0743         6       640    0.9966   0.04545   0.08503   0.02522   0.05063  0.007372  0.005832
     12/99      2.5G   0.05941   0.00975  0.007991   0.07715         6       640     0.666   0.09091   0.09862   0.02459   0.05354  0.007273  0.006934
     13/99      2.5G   0.05999  0.008544   0.00733   0.07587         1       640   0.05252    0.2727   0.08723    0.0236   0.05787  0.006948  0.006248
     14/99      2.5G   0.05984   0.00952  0.008334    0.0777         3       640    0.1062    0.2273    0.1106   0.03255   0.05346  0.007291  0.006364
     15/99      2.5G   0.05809  0.009676  0.007644   0.07541         3       640   0.06617    0.1818   0.09148   0.02558   0.05139  0.007423  0.005961
     16/99      2.5G     0.058  0.009272  0.007903   0.07517         1       640   0.08305    0.3622    0.1163   0.02563   0.05445  0.007033  0.005596
     17/99      2.5G   0.05882  0.008656  0.007538   0.07501         1       640    0.1405    0.2977   0.08954   0.02114   0.05217  0.007155   0.00564
     18/99      2.5G    0.0587  0.009436  0.007819   0.07595         4       640   0.07469    0.1364   0.05895   0.01433   0.05623  0.007225  0.005824
     19/99      2.5G   0.06038  0.009243  0.007699   0.07732         5       640   0.05347    0.2614   0.09106   0.01758   0.05441  0.007183   0.00547
     20/99      2.5G   0.05875  0.009507   0.00754    0.0758         1       640    0.4099    0.1864    0.1488   0.03788   0.05219  0.007239  0.006827
     21/99      2.5G   0.05888  0.009164  0.007463    0.0755         4       640    0.1658    0.1364    0.1028   0.02771   0.05353   0.00782  0.005519
     22/99      2.5G   0.05721  0.009245  0.007272   0.07373         3       640     0.714    0.1361    0.1574   0.04146   0.05516  0.007183  0.008786
     23/99      2.5G    0.0581  0.008593  0.006667   0.07336         0       640    0.3566    0.2051     0.163   0.04502   0.05658  0.006846  0.005761
     24/99      2.5G   0.05846  0.009365  0.006582   0.07441         5       640    0.7489    0.1818    0.1703   0.06318   0.05818  0.006993   0.00669
     25/99      2.5G   0.05811   0.00938  0.006635   0.07413         2       640    0.0531    0.4841   0.05626   0.01646   0.05113  0.007232  0.005241
     26/99      2.5G    0.0574  0.009787  0.006883   0.07407         7       640   0.09943    0.2318   0.05988   0.02426   0.05478  0.007492  0.005153
     27/99      2.5G    0.0587  0.009022   0.00644   0.07416         1       640    0.5036   0.07045   0.07823   0.02287   0.05362  0.007979  0.004457
     28/99      2.5G   0.05546  0.009283  0.006088   0.07083         2       640   0.04963    0.2727   0.08562   0.01638   0.05339  0.007655  0.005636
     29/99      2.5G   0.05652  0.009081  0.006484   0.07209         2       640    0.7339   0.09091    0.1177   0.03725   0.05342  0.007402  0.006257
     30/99      2.5G   0.05754  0.009248   0.00601    0.0728         9       640    0.6497    0.1364    0.1359   0.03999   0.05615  0.006968  0.006471
     31/99      2.5G   0.05991  0.009763   0.00614   0.07581         4       640    0.6974   0.09091    0.1053    0.0243   0.05592  0.007166  0.006414
     32/99      2.5G   0.05593  0.009142  0.005704   0.07078         1       640    0.6662   0.09059   0.05938   0.01177    0.0556  0.007375  0.006332
     33/99      2.5G   0.05681  0.009372  0.006104   0.07229         1       640    0.2923    0.1364    0.1701   0.03911    0.0543  0.007373  0.006192
     34/99      2.5G   0.05692  0.009148  0.005624   0.07169         2       640    0.1113    0.1614    0.1151   0.05069   0.05253   0.00752   0.00383
     35/99      2.5G   0.05806  0.009516  0.005705   0.07329         3       640    0.6111   0.09087   0.09148   0.02612   0.05213  0.007282  0.004682
     36/99      2.5G   0.05754  0.009592  0.005663   0.07279         6       640   0.06678    0.2273   0.07298   0.02954    0.0538  0.007359  0.005809
     37/99      2.5G   0.05664  0.009505  0.005097   0.07124         3       640    0.1672    0.3227    0.1128   0.03197   0.05443  0.007288  0.004001
     38/99      2.5G   0.05986  0.008885  0.005583   0.07432         5       640    0.1062    0.1159   0.08279   0.02331   0.05505  0.008361   0.00307
     39/99      2.5G   0.05759  0.009584  0.005258   0.07243         8       640    0.0995    0.1356   0.05433   0.01669   0.05535  0.007983  0.002982
     40/99      2.5G   0.05651  0.008827  0.004971   0.07031         2       640   0.05478    0.3182   0.09193   0.02968   0.05836  0.007339  0.004209
     41/99      2.5G   0.05997  0.009302  0.006134   0.07541         5       640   0.09576    0.4182    0.1069   0.01513   0.05193  0.007595  0.003303
     42/99      2.5G   0.05855  0.009186  0.005557   0.07329         3       640    0.1321    0.2773    0.1329   0.03072   0.05154  0.007343  0.003392
     43/99      2.5G   0.05853  0.009588  0.004826   0.07295         4       640    0.1426    0.2523    0.1519   0.03288   0.05254  0.007182  0.002767
     44/99      2.5G   0.05881  0.008739   0.00569   0.07324         1       640    0.1806    0.1851   0.07471   0.02246   0.05535  0.007974  0.003186
     45/99      2.5G   0.05867  0.009132  0.004945   0.07275         4       640    0.5328    0.3227    0.1622   0.04779   0.06143  0.006535  0.005745
     46/99      2.5G    0.0583  0.008852   0.00483   0.07199         1       640    0.8282   0.09091    0.1279    0.0388   0.05629  0.007216  0.005829
     47/99      2.5G   0.05829  0.008666  0.004599   0.07155         1       640    0.1396    0.4841    0.1402   0.03891   0.05073  0.007245  0.003825
     48/99      2.5G   0.05909  0.009346  0.005259    0.0737         4       640    0.1318    0.3477    0.1451   0.04225    0.0514  0.006942   0.00276
     49/99      2.5G   0.05785  0.008687  0.004928   0.07147         1       640     0.162    0.2522    0.1121   0.02872   0.05623  0.007713  0.005094
     50/99      2.5G   0.05606  0.009408  0.004597   0.07006         5       640    0.4008    0.2114    0.1904   0.05947   0.05125  0.007063  0.003291
     51/99      2.5G   0.05775  0.008869  0.004941   0.07156         2       640    0.1854    0.4477    0.1846   0.03482   0.04652   0.00706  0.002783
     52/99      2.5G   0.05818    0.0091  0.005157   0.07243         4       640    0.1783    0.4227    0.1883   0.05691   0.04927  0.007042  0.002072
     53/99      2.5G   0.05517  0.009162  0.004813   0.06914         2       640    0.1955    0.3727    0.2184   0.04574   0.04819  0.007066  0.002306
     54/99      2.5G   0.05554  0.009793  0.004621   0.06996         5       640     0.185    0.3886    0.1731   0.04165   0.05094  0.007504  0.004196
     55/99      2.5G   0.05454  0.009556  0.004752   0.06885         4       640    0.2337    0.3477    0.2273   0.05634   0.04693  0.006978  0.001968
     56/99      2.5G   0.05528   0.00896  0.004662    0.0689         2       640    0.1617    0.4182    0.1727   0.05056   0.04703  0.006666  0.001851
     57/99      2.5G   0.05586  0.008213  0.004065   0.06814         1       640    0.2568    0.3737    0.2383   0.07594    0.0444  0.006792  0.002098
     58/99      2.5G   0.05646   0.00846  0.003889   0.06881         1       640    0.3028    0.4477     0.297    0.1005   0.04438  0.006774  0.002376
     59/99      2.5G   0.05759  0.009428  0.004255   0.07128         8       640    0.2948    0.4318    0.2711    0.1133   0.04322  0.008278   0.00202
     60/99      2.5G   0.05307  0.009023  0.004455   0.06655         1       640    0.1632    0.4068    0.1464   0.05504   0.04503  0.007265  0.002106
     61/99      2.5G    0.0584  0.009111  0.004659   0.07217         3       640    0.2155    0.3727    0.1879   0.06933   0.04831  0.007195  0.003314
     62/99      2.5G   0.05304  0.008584  0.004559   0.06618         0       640    0.5781    0.2318    0.1577   0.05727   0.05544   0.00721  0.004286
     63/99      2.5G    0.0524  0.008908  0.004125   0.06543         3       640    0.3127    0.3977    0.2638   0.09635   0.04636  0.006747  0.002368
     64/99      2.5G   0.05793  0.008591  0.004969   0.07149         1       640    0.2996    0.4318    0.2622   0.09019   0.04823  0.006946  0.001851
     65/99      2.5G   0.05358  0.009158  0.004253   0.06699         3       640    0.3452    0.3743    0.2836   0.09518   0.04652  0.006942   0.00179
     66/99      2.5G   0.05368  0.009105  0.004758   0.06755         3       640    0.3413    0.4932    0.3031    0.1016   0.04627  0.006738  0.001705
     67/99      2.5G   0.05456  0.009348  0.004307   0.06821         4       640    0.2915    0.3727    0.2473   0.08576   0.04731  0.007038  0.001842
     68/99      2.5G   0.05384   0.00852  0.004071   0.06643         1       640    0.3009    0.6386    0.3188   0.07082   0.04486  0.007116  0.002552
     69/99      2.5G   0.05198  0.009191  0.003747   0.06492         7       640    0.6996    0.2863    0.3177    0.1084   0.04401  0.006774  0.002253
     70/99      2.5G   0.05536  0.008903  0.003821   0.06809         1       640    0.2873    0.4771    0.3119   0.09254   0.04553  0.006675  0.002154
     71/99      2.5G   0.05461  0.009063  0.004237   0.06791         1       640    0.2398    0.4422    0.2249   0.06206   0.04672  0.006731  0.002668
     72/99      2.5G   0.05275  0.009046   0.00355   0.06534         1       640     0.244    0.3318    0.2119   0.06481   0.04545  0.006945  0.001979
     73/99      2.5G   0.04956  0.008888  0.004143   0.06259         0       640    0.3923    0.3993    0.3044   0.08826   0.04596  0.006781  0.002233
     74/99      2.5G   0.05125  0.008267  0.003646   0.06316         1       640    0.5373    0.3818    0.3919    0.1434   0.04371  0.006755  0.002329
     75/99      2.5G   0.05359  0.008888  0.004473   0.06696         4       640    0.4326    0.4139    0.2999   0.09147   0.04803  0.007119  0.002543
     76/99      2.5G   0.05484  0.008568  0.004127   0.06753         2       640    0.3415    0.5977    0.3931    0.1112   0.04287  0.006921  0.001872
     77/99      2.5G   0.05433  0.008718  0.004097   0.06715         1       640    0.4156     0.472    0.3524    0.0993   0.04336  0.006618  0.001836
     78/99      2.5G   0.05277   0.00861  0.004515    0.0659         3       640    0.4528    0.4062    0.3327    0.1449   0.04264  0.006854  0.002066
     79/99      2.5G   0.05283  0.008681  0.003815   0.06533         4       640    0.3561    0.4773    0.3362    0.1447   0.04293  0.006532   0.00176
     80/99      2.5G   0.05185   0.00891  0.004601   0.06536         3       640     0.328    0.5182    0.3273    0.1458   0.04487  0.006748     0.002
     81/99      2.5G   0.04541  0.008485  0.004067   0.05796         1       640    0.3957    0.3818    0.2598   0.06651   0.04567  0.007019  0.002129
     82/99      2.5G   0.05138  0.008969  0.004089   0.06444         0       640    0.2182    0.6841    0.2568   0.05495   0.04503   0.00702   0.00192
     83/99      2.5G   0.05183   0.00852  0.003996   0.06435         1       640    0.5748    0.4773    0.4595    0.1667   0.04332  0.006801  0.001795
     84/99      2.5G   0.05367  0.009671  0.004008   0.06735         9       640    0.6242    0.3766    0.3787    0.1333   0.04338  0.007081  0.002281
     85/99      2.5G   0.05212  0.009382  0.004486   0.06598         0       640     0.499    0.3818    0.3804    0.1184   0.04139  0.006861  0.002193
     86/99      2.5G   0.05323  0.009205  0.003894   0.06633        10       640    0.2587    0.5932    0.2818   0.07272   0.04515  0.007088  0.002251
     87/99      2.5G   0.05141  0.009115  0.003673   0.06419         8       640    0.3078    0.5273    0.3216    0.0888   0.04339  0.006801  0.001801
     88/99      2.5G   0.05484  0.009344  0.004285   0.06847         4       640    0.4276    0.3568    0.3199    0.1374   0.04354  0.006942  0.002005
     89/99      2.5G   0.05115  0.008544  0.003989   0.06369         0       640    0.3386    0.5977    0.3344    0.1074   0.04443  0.006577  0.001827
     90/99      2.5G   0.05092  0.009133  0.003902   0.06396         1       640    0.4035    0.4068    0.3073   0.09193   0.04436  0.006628   0.00185
     91/99      2.5G   0.05284  0.009204  0.005115   0.06716         4       640    0.6006    0.3313    0.3685    0.1135   0.04399  0.006895  0.002475
     92/99      2.5G   0.05386  0.009688  0.004071   0.06762         9       640    0.4765    0.3568    0.3674    0.1408   0.04315  0.006737  0.002691
     93/99      2.5G   0.04942   0.00933  0.003399   0.06214         1       640    0.4731    0.3609    0.3607     0.101   0.04288  0.006593   0.00208
     94/99      2.5G   0.05154   0.00939  0.003854   0.06478         5       640    0.2107     0.455    0.2433   0.06079   0.04432  0.006634  0.001715
     95/99      2.5G   0.04868  0.008656  0.003387   0.06073         1       640    0.3237    0.4114    0.3066   0.09926   0.04309  0.006673  0.001676
     96/99      2.5G   0.05006  0.008882  0.003357    0.0623         1       640    0.3804    0.4818    0.3501    0.1343    0.0403  0.006686  0.001706
     97/99      2.5G   0.04933  0.008684  0.003534   0.06155         0       640     0.402    0.4568     0.326    0.1049    0.0413  0.006767  0.001901
     98/99      2.5G     0.049  0.009399  0.003375   0.06178         3       640    0.3363    0.5772    0.3385     0.127   0.04008  0.006905  0.001977
     99/99      2.5G   0.04988  0.009022  0.004141   0.06304         4       640    0.3563    0.5068    0.3636    0.1301   0.04147  0.006936  0.002008
