      0/99     1.84G   0.05002   0.00914  0.003387   0.06255         3       640    0.4791    0.5769      0.46    0.1955   0.03783  0.006507   0.00161
      1/99     2.45G   0.04347  0.008368  0.002389   0.05422         1       640    0.5234    0.5769    0.4705    0.2017   0.03695  0.006536  0.001588
      2/99     2.45G   0.04841  0.008418  0.003476    0.0603         4       640    0.5439    0.4614    0.4753    0.2262   0.03703   0.00655  0.001628
      3/99     2.45G   0.04609  0.008389  0.003431   0.05791         0       640    0.6049    0.4595    0.4796    0.2147    0.0367  0.006788  0.001615
      4/99     2.45G   0.04893  0.008306   0.00334   0.06057         4       640    0.4901    0.5303    0.4389    0.1969   0.03764  0.006511  0.001741
      5/99     2.45G   0.04498  0.009289  0.003056   0.05733         3       640    0.5505    0.4712    0.4687    0.1962   0.03724  0.006773   0.00172
      6/99     2.45G   0.04706  0.008218  0.002942   0.05822         1       640    0.6517    0.4318    0.4491     0.161    0.0409  0.006713   0.00184
      7/99     2.45G   0.04423  0.008576  0.003159   0.05596         1       640     0.736    0.4318    0.4631     0.221   0.03881  0.007056  0.001653
      8/99     2.45G   0.05011  0.009129   0.00419   0.06343         3       640    0.5903    0.4564    0.4414    0.1789   0.03903  0.006489  0.001891
      9/99     2.45G   0.04689  0.008807  0.002935   0.05863         4       640     0.593    0.4712    0.4639    0.1804   0.03825  0.006668  0.001838
     10/99     2.45G   0.04792  0.008971  0.003159   0.06005         1       640    0.5558    0.3863     0.415    0.1659    0.0398   0.00653  0.001924
     11/99     2.45G   0.04342  0.008565   0.00279   0.05477         6       640      0.52    0.4818    0.4584    0.1757   0.03988  0.006675  0.001871
     12/99     2.45G     0.048  0.009233  0.003121   0.06035         6       640    0.5472    0.4087    0.4302    0.1492   0.04009  0.006838  0.001832
     13/99     2.45G   0.04989  0.008276  0.002734    0.0609         1       640    0.5448    0.4846    0.4551    0.1916   0.03924  0.006922  0.001817
     14/99     2.45G   0.04742  0.009296  0.003056   0.05977         3       640     0.612    0.4568    0.4759     0.158   0.03881  0.006657   0.00169
     15/99     2.45G   0.04797  0.009344   0.00282   0.06013         3       640    0.4096    0.7136    0.4493    0.1546   0.03889  0.006561  0.001651
     16/99     2.45G   0.04806  0.008789  0.003352    0.0602         1       640    0.3541    0.6227    0.3754    0.1063   0.04007  0.006731  0.002085
     17/99     2.45G   0.05088   0.00815  0.004063   0.06309         1       640    0.4893    0.5012    0.4228    0.1795   0.04283  0.006695  0.001928
     18/99     2.45G   0.04893  0.009263  0.003389   0.06158         4       640    0.5065    0.5315    0.4935    0.1799   0.04059   0.00669  0.002392
     19/99     2.45G   0.04963   0.00879  0.003327   0.06174         5       640    0.5012    0.5523    0.4853    0.1805    0.0398  0.006874  0.001869
     20/99     2.45G   0.05056  0.008904  0.003261   0.06272         1       640    0.4515    0.5727    0.4367    0.1939   0.03929  0.006651  0.002029
     21/99     2.45G   0.04892  0.008836   0.00344    0.0612         4       640    0.7076    0.5064    0.4993    0.1749   0.03951  0.006437  0.002016
     22/99     2.45G   0.04991  0.008966  0.003056   0.06194         3       640    0.4949    0.5273    0.4661    0.1823   0.03902  0.006714  0.001793
     23/99     2.45G    0.0485  0.008322  0.003086   0.05991         0       640    0.3575    0.5701    0.3352    0.1279    0.0385  0.006966  0.001811
     24/99     2.45G    0.0489  0.009209  0.003717   0.06183         5       640    0.5538    0.2598    0.2581     0.121    0.0432  0.007765    0.0027
     25/99     2.45G    0.0508  0.009078  0.003219   0.06309         2       640    0.3497    0.5523    0.3936    0.1213   0.04086  0.007134  0.002525
     26/99     2.45G   0.04716  0.009711  0.003523   0.06039         7       640    0.3516    0.5932    0.3464    0.1204   0.04411  0.007241  0.002438
     27/99     2.45G   0.05012  0.008743  0.003001   0.06187         1       640    0.6249    0.3818    0.4265    0.1595   0.03886  0.006624  0.002432
     28/99     2.45G   0.04465  0.009079  0.002782   0.05651         2       640    0.5798    0.3818    0.3959    0.1172   0.04291  0.006716  0.002136
     29/99     2.45G   0.04514  0.008715    0.0033   0.05716         2       640    0.5287    0.4716    0.4595    0.1702   0.04229  0.007155  0.001867
     30/99     2.45G    0.0481  0.008917  0.003026   0.06004         9       640    0.4462    0.4516    0.3427    0.1061   0.03983  0.007064  0.003274
     31/99     2.45G   0.04919  0.009509  0.003428   0.06213         4       640    0.5262    0.4382    0.3536     0.121   0.04042  0.006716    0.0023
     32/99     2.45G   0.05012  0.008691  0.002902   0.06171         1       640    0.4713    0.4313    0.3561    0.1426   0.03965  0.006882  0.002139
     33/99     2.45G    0.0476  0.009119  0.004029   0.06075         1       640    0.5177    0.3317    0.3342    0.1075   0.04066  0.007221   0.00382
     34/99     2.45G   0.04644  0.008737  0.002857   0.05803         2       640     0.477    0.3814     0.344     0.102   0.04033   0.00676  0.003033
     35/99     2.45G   0.05113  0.009431  0.003459   0.06402         3       640    0.4901    0.4523    0.4089    0.1369   0.03981  0.007261   0.00323
     36/99     2.45G   0.04943   0.00947  0.003348   0.06225         6       640     0.504    0.3568     0.347    0.1011   0.04363  0.007249  0.002635
     37/99     2.45G    0.0495  0.009239  0.003127   0.06187         3       640     0.422    0.5273    0.4311    0.1491    0.0421  0.006759  0.002037
     38/99     2.45G   0.05143  0.008721  0.002774   0.06292         5       640    0.3908    0.5523    0.4382    0.1588   0.04168  0.006923  0.002116
     39/99     2.45G    0.0498  0.009214  0.003162   0.06218         8       640    0.8356    0.2363    0.3246    0.1226   0.04357   0.00752  0.002225
     40/99     2.45G   0.04825  0.008337  0.003071   0.05966         2       640    0.4148     0.402    0.3031    0.0909   0.04227  0.007214  0.001779
     41/99     2.45G   0.05473  0.009191  0.004024   0.06795         5       640    0.5197    0.3243    0.3195   0.09023   0.04443  0.007435  0.002985
     42/99     2.45G    0.0535  0.008974  0.003235   0.06571         3       640    0.5801    0.3159     0.392    0.1357   0.04268   0.00722  0.003815
     43/99     2.45G   0.05107   0.00936  0.003261   0.06369         4       640    0.6672    0.3715    0.4508    0.1597   0.04103  0.007239  0.002133
     44/99     2.45G   0.05025  0.008454  0.003941   0.06264         1       640    0.3517    0.3818    0.2945   0.08474   0.04357    0.0078  0.002533
     45/99     2.45G   0.04931  0.009038   0.00357   0.06192         4       640    0.5545    0.4686    0.3997     0.131   0.04067  0.006866  0.002286
     46/99     2.45G   0.05016  0.008768  0.003101   0.06203         1       640    0.3759    0.4318     0.331    0.0903   0.04194   0.00683   0.00239
     47/99     2.45G   0.04971  0.008649  0.002843   0.06121         1       640    0.8351     0.211    0.3505     0.123    0.0421  0.007181   0.00393
     48/99     2.45G   0.05224  0.009198  0.003584   0.06503         4       640    0.4825    0.2318    0.2292   0.08723   0.04863   0.00734  0.003042
     49/99     2.45G   0.04944  0.008573  0.004154   0.06217         1       640    0.5182    0.3318    0.3634    0.1322    0.0412  0.006814  0.001529
     50/99     2.45G   0.04852  0.009112   0.00327    0.0609         5       640     0.597    0.4574     0.467    0.1585   0.04025  0.006516  0.001638
     51/99     2.45G   0.05179  0.008914  0.003587   0.06429         2       640    0.5163    0.4818    0.4574    0.1692   0.04061  0.006889    0.0017
     52/99     2.45G   0.05107   0.00899   0.00353   0.06359         4       640    0.4813    0.4773    0.4385    0.1233   0.03967  0.006681  0.002045
     53/99     2.45G   0.04846  0.008984  0.002817   0.06026         2       640    0.4888    0.4306    0.3937    0.1153   0.04126  0.006677  0.002164
     54/99     2.45G   0.04961  0.009218  0.003221   0.06205         5       640    0.4348    0.4318     0.358    0.1314   0.04258   0.00688  0.003403
     55/99     2.45G   0.04909  0.009186  0.003019   0.06129         4       640     0.376    0.4818    0.3909    0.1298     0.042    0.0068  0.002068
     56/99     2.45G   0.04967  0.008684  0.003206   0.06156         2       640    0.4385    0.6201    0.4175    0.1049   0.03993  0.007096  0.001922
     57/99     2.45G   0.04854  0.008012  0.003095   0.05965         1       640    0.3552    0.4523    0.3321    0.1193   0.04036   0.00728  0.002003
     58/99     2.45G   0.05094  0.008106  0.002419   0.06146         1       640    0.6731    0.3955    0.3915     0.127   0.03956  0.006858  0.002647
     59/99     2.45G   0.04963  0.009297  0.003779   0.06271         8       640    0.4417    0.4107    0.3931    0.1481   0.04021  0.007001  0.002412
     60/99     2.45G   0.04538  0.008954  0.003216   0.05755         1       640    0.6575    0.4818    0.4764    0.2181   0.03899  0.006552  0.001778
     61/99     2.45G    0.0522  0.008723  0.003385   0.06431         3       640    0.4583    0.4068    0.3863    0.1117   0.04069  0.006732  0.001953
     62/99     2.45G   0.04658  0.008397   0.00311   0.05809         0       640    0.5624    0.5068     0.465    0.1799   0.03771  0.007033   0.00285
     63/99     2.45G   0.04589   0.00862  0.002758   0.05727         3       640    0.3703    0.5773    0.4161    0.2063    0.0377  0.007081     0.003
     64/99     2.45G   0.05214  0.008571  0.003451   0.06416         1       640    0.3331    0.4756    0.2998    0.1234   0.04189   0.00681  0.003632
     65/99     2.45G   0.04856   0.00894  0.002488   0.05998         3       640    0.4686    0.4626    0.4054    0.1485   0.04056  0.006973  0.002994
     66/99     2.45G   0.04877  0.009271  0.003485   0.06153         3       640    0.4721    0.3364    0.3652    0.1326    0.0409  0.006769  0.002287
     67/99     2.45G   0.04729    0.0093  0.002973   0.05957         4       640    0.5993    0.3591    0.4246    0.1797   0.03803  0.006814  0.001962
     68/99     2.45G   0.04629  0.008504  0.002942   0.05774         1       640    0.3396    0.3568    0.3165    0.1255   0.03836  0.007024  0.002333
     69/99     2.45G   0.04451  0.009129  0.002369   0.05601         7       640     0.695    0.2864    0.4031    0.1691   0.03876  0.006825  0.003065
     70/99     2.45G   0.04825  0.008648  0.003288   0.06019         1       640    0.4114    0.4523    0.3687    0.1452   0.04017  0.006756  0.003052
     71/99     2.45G   0.04939  0.008829  0.002928   0.06115         1       640    0.5701    0.3818    0.4315    0.1811   0.03838  0.006732  0.002761
     72/99     2.45G   0.04819  0.008692  0.002583   0.05947         1       640     0.467    0.4561    0.3955    0.1631   0.03765  0.006558  0.003277
     73/99     2.45G   0.04251  0.008669  0.002635   0.05381         0       640    0.5354    0.5227    0.4579    0.1705   0.03892  0.006488  0.002992
     74/99     2.45G   0.04696  0.007971  0.002661    0.0576         1       640    0.5887    0.5023    0.4643    0.1803   0.03884  0.006427  0.002954
     75/99     2.45G   0.04773   0.00861  0.003115   0.05946         4       640    0.4325    0.5767    0.4521    0.1803   0.03793   0.00656   0.00289
     76/99     2.45G   0.04896  0.008222  0.003055   0.06024         2       640    0.5736    0.5065      0.49    0.1999    0.0377  0.006598  0.002321
     77/99     2.45G   0.04863  0.008465  0.002688   0.05978         1       640    0.4242    0.5972    0.4578    0.1976   0.03645  0.006676  0.002242
     78/99     2.45G   0.04788  0.008335   0.00371   0.05993         3       640    0.5925    0.4556    0.4936    0.2401   0.03566  0.006647   0.00223
     79/99     2.45G    0.0466  0.008399  0.002859   0.05786         4       640    0.5569    0.5023     0.519    0.2389   0.03625  0.006416  0.002649
     80/99     2.45G   0.04564  0.008597  0.002905   0.05714         3       640    0.7146    0.3614    0.4743    0.2175   0.03803  0.006515  0.002505
     81/99     2.45G   0.04082  0.007996  0.002782   0.05159         1       640    0.6609    0.3962    0.4614    0.1992   0.03934  0.007082  0.003585
     82/99     2.45G   0.04639  0.008737  0.002794   0.05793         0       640    0.7476    0.3864    0.4219    0.2058    0.0373  0.007049  0.003106
     83/99     2.45G   0.04562  0.008389  0.002604   0.05661         1       640    0.5766     0.408    0.4548    0.2093   0.03704  0.006747  0.003075
     84/99     2.45G   0.04779  0.009468  0.002781   0.06004         9       640    0.4672    0.5966    0.4812    0.2006   0.03622  0.006437   0.00257
     85/99     2.45G   0.04798   0.00913  0.003581   0.06069         0       640    0.5539    0.5023    0.4413    0.1889    0.0361   0.00643  0.002123
     86/99     2.45G   0.04719  0.008821  0.002754   0.05877        10       640    0.4903     0.552     0.422    0.1892   0.03575  0.006429  0.001996
     87/99     2.45G   0.04685  0.008648  0.002442   0.05794         8       640     0.489    0.4568    0.4176    0.1648   0.03656    0.0066    0.0018
     88/99     2.45G   0.05055    0.0089  0.003015   0.06247         4       640    0.4091    0.4523    0.3752    0.1411   0.03707  0.006926  0.001892
     89/99     2.45G   0.04578  0.008105  0.002754   0.05664         0       640     0.577     0.386    0.4108    0.1601   0.03758  0.006692  0.002118
     90/99     2.45G   0.04678  0.008759   0.00272   0.05826         1       640     0.524    0.3864    0.3597    0.1457   0.03907  0.006701  0.002477
     91/99     2.45G   0.04681  0.008876   0.00381   0.05949         4       640     0.494    0.3864    0.3508    0.1468   0.03862  0.006787  0.002391
     92/99     2.45G   0.04694  0.009247  0.003464   0.05965         9       640     0.459     0.383     0.371    0.1694   0.03775  0.006823  0.002299
     93/99     2.45G   0.04291  0.008967  0.002738   0.05461         1       640    0.5562    0.4354    0.4025    0.1644   0.03713  0.006908  0.002158
     94/99     2.45G    0.0473  0.009404  0.003129   0.05983         5       640    0.5343    0.4855    0.4296    0.1859   0.03614  0.006782  0.001995
     95/99     2.45G   0.04197  0.008368  0.002367    0.0527         1       640    0.5857    0.4999    0.4718    0.2131   0.03462  0.006601  0.001868
     96/99     2.45G   0.04396  0.008638  0.002616   0.05521         1       640    0.4771    0.5318    0.4565    0.2147   0.03419  0.006513   0.00177
     97/99     2.45G   0.04468  0.008288  0.002372   0.05534         0       640    0.5295    0.5318    0.4852    0.2318   0.03534  0.006487  0.001754
     98/99     2.45G   0.04475  0.009043  0.002504   0.05629         3       640    0.5161    0.5318    0.4847    0.2364   0.03514  0.006399  0.001626
     99/99     2.45G   0.04525  0.008735  0.003366   0.05735         4       640    0.7029    0.3862    0.4756    0.2302   0.03625  0.006646  0.001683
