      0/49     1.82G   0.06877  0.007809   0.01494   0.09153         3       640    0.3325   0.09091   0.08019   0.02444    0.0678  0.005908   0.01032
      1/49     3.01G   0.06631   0.00741   0.01452   0.08824         1       640     0.191   0.09091   0.06172   0.01492   0.06781  0.005911   0.01031
      2/49     3.01G   0.06946  0.007455   0.01513   0.09205         4       640      0.11    0.1364   0.05255   0.01058   0.06768  0.005917   0.01032
      3/49     3.01G   0.06654  0.007142   0.01454   0.08822         0       640   0.08667    0.1364   0.08013   0.01351   0.06755  0.005937   0.01032
      4/49     3.01G   0.07121  0.007349   0.01531   0.09387         4       640    0.0464    0.1364   0.03051  0.004898   0.06721  0.005996   0.01031
      5/49     3.01G    0.0684   0.00773   0.01485   0.09097         3       640   0.04201   0.08368   0.01789  0.002816    0.0666  0.006038   0.01033
      6/49     3.01G   0.06669  0.007352   0.01468   0.08873         1       640   0.01847    0.1364   0.01034   0.00199     0.066   0.00618   0.01032
      7/49     3.01G   0.06838  0.007306   0.01489   0.09057         1       640   0.03772    0.2273   0.02474  0.003851   0.06676  0.006028   0.01031
      8/49     3.01G   0.06859  0.008073   0.01487   0.09153         3       640   0.01541   0.09091  0.008138  0.001841   0.06724   0.00636   0.01028
      9/49     3.01G   0.06746  0.007969   0.01479   0.09023         4       640   0.02163    0.2977   0.01256  0.002273   0.06648  0.006125   0.01031
     10/49     3.01G   0.06903  0.007845   0.01479   0.09166         1       640   0.01989    0.2523   0.01185  0.003276   0.06628  0.006142    0.0103
     11/49     3.01G   0.06785  0.007679    0.0149   0.09043         6       640   0.06215     0.123   0.04568  0.007795   0.06603  0.006068   0.01028
     12/49     3.01G   0.06875  0.008399   0.01525    0.0924         6       640   0.04727    0.1614   0.01897  0.003493   0.06646  0.006133   0.01025
     13/49     3.01G   0.06812  0.007461    0.0149   0.09048         1       640   0.02899    0.2523   0.01555  0.003673   0.06567  0.006396   0.01022
     14/49     3.01G   0.06877  0.008242   0.01528    0.0923         3       640    0.0624   0.04545    0.0237   0.00402   0.06567   0.00627   0.01024
     15/49     3.01G   0.06618  0.008241   0.01445   0.08888         3       640   0.03654   0.09091   0.01796  0.002635   0.06705  0.006736   0.01017
     16/49     3.01G   0.06669  0.007939   0.01464   0.08927         1       640    0.9992   0.04545   0.05535  0.006041    0.0663  0.009878   0.01013
     17/49     3.01G   0.06773   0.00738   0.01475   0.08986         1       640    0.1151    0.1364   0.05823  0.007617   0.06509  0.006308   0.01015
     18/49     3.01G   0.06741  0.008232   0.01462   0.09026         4       640   0.03142    0.3432   0.02396  0.005058   0.06457  0.006533   0.01012
     19/49     3.01G   0.06709  0.008142   0.01491   0.09014         5       640   0.06004    0.2523   0.04757   0.01105    0.0644  0.006273   0.01015
     20/49     3.01G   0.06685  0.008212   0.01452   0.08957         1       640    0.1237    0.0898   0.05292  0.006478   0.06379  0.006487   0.01011
     21/49     3.01G   0.06755  0.008035   0.01483   0.09041         4       640    0.6654   0.04545   0.03456  0.008157   0.06525   0.00654  0.009951
     22/49     3.01G   0.06527  0.008244   0.01422   0.08774         3       640    0.7485   0.04519   0.05115  0.007562    0.0636  0.006757  0.009924
     23/49     3.01G   0.06584  0.007674   0.01389    0.0874         0       640   0.03911    0.2273   0.02599  0.005918   0.06443  0.006443   0.00995
     24/49     3.01G   0.06612  0.008707    0.0145   0.08933         5       640   0.06453    0.2523   0.04677  0.008244   0.06485   0.00644  0.009884
     25/49     3.01G   0.06563  0.008596   0.01387    0.0881         2       640    0.1083   0.09091   0.04627  0.007698   0.06305  0.006715  0.009787
     26/49     3.01G   0.06526  0.009106   0.01384   0.08821         7       640   0.06483    0.1364   0.04125  0.005845   0.06235  0.006782  0.009837
     27/49     3.01G    0.0659  0.008283   0.01407   0.08825         1       640    0.0296    0.3432   0.02518  0.005901   0.06275  0.006711   0.00978
     28/49     3.01G   0.06135  0.008594    0.0131   0.08304         2       640   0.06721    0.1818   0.04627   0.01089   0.06222  0.006687  0.009463
     29/49     3.01G    0.0618  0.008434   0.01307    0.0833         2       640   0.07118    0.2977   0.06386  0.008633   0.06059  0.006895  0.009245
     30/49     3.01G   0.06285  0.008727   0.01339   0.08497         9       640   0.03163    0.2273   0.02543  0.004679   0.06148  0.007075  0.008623
     31/49     3.01G    0.0652  0.009417   0.01319   0.08781         4       640   0.05614    0.2523   0.03796  0.007427   0.06059  0.006828   0.00843
     32/49     3.01G   0.06238  0.008809   0.01216   0.08334         1       640    0.1029    0.4341   0.08168   0.01165   0.05923  0.006878  0.008492
     33/49     3.01G   0.06162  0.009054    0.0118   0.08247         1       640   0.03857    0.2727    0.0346    0.0111   0.05983  0.006892  0.007953
     34/49     3.01G   0.06385  0.008741   0.01166   0.08425         2       640    0.0462    0.2273   0.04002  0.007847   0.06175  0.006825  0.008066
     35/49     3.01G   0.06244  0.009224   0.01142   0.08308         3       640   0.06361    0.2727   0.05443   0.01053    0.0582  0.007066  0.008037
     36/49     3.01G   0.06272  0.009248   0.01129   0.08326         6       640    0.6332    0.1818    0.1013   0.01698   0.05994  0.006886  0.008676
     37/49     3.01G    0.0618  0.009255   0.01067   0.08172         3       640    0.5712    0.1364   0.06191   0.01269   0.05689  0.007552  0.007383
     38/49     3.01G   0.06512  0.008706   0.01038   0.08421         5       640   0.05851    0.3182   0.05999   0.01182   0.05777  0.007478   0.00723
     39/49     3.01G     0.062  0.009483  0.009804   0.08129         8       640   0.05715    0.2699   0.04913  0.008176   0.05672   0.00748  0.007228
     40/49     3.01G   0.05954  0.008515  0.009511   0.07757         2       640    0.5902   0.09008   0.06339  0.008834   0.05595  0.007372  0.007097
     41/49     3.01G   0.06317  0.009176  0.009439   0.08179         5       640     0.998   0.04545   0.08141   0.01215   0.05524  0.007434  0.007198
     42/49     3.01G   0.06084  0.009433  0.009378   0.07965         3       640   0.03657    0.2273   0.02809  0.006035   0.05696  0.007164  0.006975
     43/49     3.01G   0.06078  0.009822  0.009016   0.07962         4       640   0.05115    0.2727   0.08865   0.02277   0.05582  0.007225  0.007116
     44/49     3.01G    0.0595   0.00884   0.00919   0.07753         1       640    0.9996   0.04545   0.07029   0.01399    0.0567  0.007063  0.007869
     45/49     3.01G   0.06161  0.009245  0.009115   0.07997         4       640    0.9999   0.04545   0.07552    0.0199   0.05417  0.007196  0.007373
     46/49     3.01G   0.06094  0.008981  0.008094   0.07801         1       640    0.6247   0.09091   0.06403   0.01608   0.05482  0.007143  0.006623
     47/49     3.01G   0.05894  0.008821  0.008408   0.07617         1       640     0.999   0.04545   0.07696   0.02607   0.05469  0.007297  0.006921
     48/49     3.01G   0.06197  0.009672  0.008617   0.08026         4       640   0.07466    0.1364   0.09431   0.02363   0.05622  0.007145  0.007171
     49/49     3.01G   0.05766  0.008968  0.008422   0.07505         1       640    0.5998   0.09091    0.0534   0.01524   0.05633  0.007148  0.007013
