      0/49     5.91G   0.03356  0.008261  0.003525   0.04535         1       640    0.7386    0.6174    0.5893    0.3146   0.06699  0.006548  0.008211
      1/49     11.3G   0.03469  0.008368  0.003349    0.0464         4       640    0.7043     0.602    0.5836    0.3077     0.067  0.006613  0.008276
      2/49     11.3G   0.03365  0.007537   0.00327   0.04446         1       640    0.6325    0.5773    0.5522    0.2908   0.06684  0.006582  0.008358
      3/49     11.3G   0.03301  0.007734   0.00312   0.04387         2       640    0.6185    0.6023    0.5836    0.3099   0.06681  0.006631  0.008631
      4/49     11.3G   0.03487  0.007533  0.003066   0.04546         4       640    0.6052    0.6727    0.5747    0.3075   0.06589  0.006536  0.008713
      5/49     11.3G   0.03241   0.00802  0.003221   0.04365         3       640    0.7166    0.5819    0.5898    0.3055   0.06723  0.006496  0.008688
      6/49     11.3G   0.03063  0.007891  0.002767   0.04129         1       640    0.6576    0.6272    0.5992    0.2984   0.06562  0.006673   0.00865
      7/49     11.3G   0.03163  0.007821  0.003021   0.04247         3       640    0.7135    0.6273    0.6103    0.2997   0.06569  0.006734  0.008306
      8/49     11.3G   0.03108  0.007871  0.002743    0.0417         3       640    0.6779     0.627    0.5907    0.2671   0.06554  0.006844  0.008265
      9/49     11.3G   0.03225  0.007365  0.003284   0.04289         5       640    0.8773    0.5207    0.6414    0.3268   0.06529  0.006677  0.008368
     10/49     11.3G   0.03126  0.006795  0.002895   0.04094         0       640    0.7462    0.5523    0.6001    0.2968   0.06536  0.006897  0.009079
     11/49     11.3G   0.03292  0.007787  0.003558   0.04427         5       640    0.7186     0.602    0.5969    0.2926   0.06651  0.006813  0.008719
     12/49     11.3G    0.0311  0.007476  0.002437   0.04101         5       640    0.6628    0.5023    0.5778    0.2641   0.06801  0.007258   0.00876
     13/49     11.3G   0.03347   0.00828  0.002963   0.04471         9       640     0.682    0.5447    0.5816    0.3036   0.06516  0.007043  0.008802
     14/49     11.3G    0.0324  0.007892  0.002778   0.04307         5       640    0.8015    0.5505    0.6068    0.3029    0.0644  0.007227  0.008242
     15/49     11.3G   0.03133  0.007746  0.002829    0.0419         1       640    0.8978    0.6023     0.628    0.3124   0.06706  0.007261  0.008363
     16/49     11.3G   0.03121  0.007807  0.003177    0.0422         4       640    0.5555    0.5068    0.4786    0.2085   0.06945  0.007573   0.01003
     17/49     11.3G   0.03163  0.007816  0.003018   0.04246         4       640    0.6724    0.6972    0.6655    0.3116   0.06038  0.007086  0.008931
     18/49     11.3G    0.0322  0.007882  0.003319    0.0434         1       640    0.6663    0.4362    0.5601    0.2662   0.06321  0.006925  0.009324
     19/49     11.3G   0.03053  0.007542   0.00301   0.04108         0       640    0.7293    0.6227    0.6402    0.3084   0.06747  0.006497  0.009205
     20/49     11.3G   0.03135  0.006983  0.002708   0.04104         0       640    0.6166    0.6477    0.5743    0.2902   0.06394   0.00715  0.009121
     21/49     11.3G   0.03296  0.007337   0.00297   0.04326         4       640     0.658    0.5568    0.5801     0.265    0.0619  0.007087  0.009109
     22/49     11.3G   0.03301  0.008183  0.003069   0.04426         7       640    0.7119    0.5568    0.5697    0.2923   0.06523  0.007039  0.008085
     23/49     11.3G   0.03182  0.007699  0.003366   0.04289         1       640    0.6759    0.5772    0.5837    0.2881   0.06613  0.007161  0.008315
     24/49     11.3G    0.0331  0.007485  0.002683   0.04327         2       640    0.7947    0.6025    0.6702    0.2733   0.06496  0.007088  0.008384
     25/49     11.3G   0.03167  0.007223  0.003043   0.04193         1       640    0.7661    0.5522    0.6493    0.2711   0.06487  0.007071  0.008612
     26/49     11.3G   0.03239   0.00718  0.003211   0.04278         5       640    0.7246    0.6273    0.6681    0.3352   0.06169  0.007088  0.008453
     27/49     11.3G   0.03165  0.007446  0.002996   0.04209         2       640     0.594    0.5772    0.5493    0.2582   0.06503  0.007021  0.008119
     28/49     11.3G   0.03133  0.008015   0.00301   0.04235         4       640    0.6237    0.5318    0.5517    0.2634   0.06328  0.007059  0.008319
     29/49     11.3G   0.03034  0.007081  0.002585      0.04         1       640    0.5899    0.6477    0.5711     0.285    0.0665   0.00728  0.008507
     30/49     11.3G   0.03122  0.007639  0.002429   0.04129         6       640    0.6233    0.6272    0.5451    0.2683   0.06632  0.007546  0.008184
     31/49     11.3G   0.03086  0.007993  0.002624   0.04148         7       640    0.7808    0.5978    0.6045     0.273   0.06798  0.007362  0.008447
     32/49     11.3G   0.03215  0.007726  0.002324    0.0422         6       640    0.7989    0.5208    0.5801    0.2766   0.06477  0.007615  0.008561
     33/49     11.3G    0.0298   0.00734  0.002053   0.03919         3       640    0.7158    0.5568    0.5942    0.2843   0.06525  0.007196  0.008491
     34/49     11.3G    0.0311  0.007191  0.002145   0.04044         5       640    0.8205    0.5314    0.6074    0.2835   0.06445  0.007376  0.008013
     35/49     11.3G   0.03049  0.007342  0.002242   0.04007         2       640    0.7089    0.5568    0.5646    0.2526   0.06338  0.008141   0.00801
     36/49     11.3G   0.03101  0.007356  0.002409   0.04077         4       640    0.6912    0.6022    0.5591    0.2511    0.0626   0.00754  0.007965
     37/49     11.3G    0.0302  0.007191  0.002132   0.03952         2       640    0.8221    0.5314    0.5844    0.2419   0.06373  0.007524  0.008098
     38/49     11.3G   0.02998   0.00719  0.001973   0.03915         3       640    0.7463    0.5957    0.5963    0.2448   0.06643  0.007352  0.008325
     39/49     11.3G    0.0298  0.007714  0.002296   0.03981         4       640     0.804    0.6722    0.6473    0.2788   0.06609  0.006881  0.007644
     40/49     11.3G    0.0291  0.007567  0.001972   0.03864         5       640    0.7928    0.5773    0.5954    0.3018   0.06375  0.006838  0.007421
     41/49     11.3G   0.02881  0.007007  0.002147   0.03796         1       640    0.6626    0.5955    0.5927    0.2945   0.06205  0.007197  0.007214
     42/49     11.3G   0.02801  0.006868   0.00196   0.03684         2       640    0.7013    0.5315    0.5488    0.2464   0.06401   0.00759  0.007347
     43/49     11.3G   0.02897  0.007549  0.002164   0.03868         2       640     0.704    0.4812    0.5676    0.2929   0.06165  0.007669  0.007626
     44/49     11.3G   0.02911   0.00747  0.002515    0.0391         1       640    0.7701    0.6023    0.6487    0.3023   0.06139  0.007598  0.008202
     45/49     11.3G   0.02935  0.007528  0.002583   0.03946         1       640    0.7432    0.6227    0.6643    0.3431   0.06144  0.007311   0.00693
     46/49     11.3G   0.02936  0.007423  0.002116    0.0389         5       640    0.8802    0.5519    0.6304    0.3147   0.06332  0.007093  0.007037
     47/49     11.3G   0.02831  0.007048  0.002284   0.03764         1       640    0.7241    0.5068    0.5922    0.2787   0.06463   0.00747  0.008676
     48/49     11.3G   0.02854   0.00746  0.002273   0.03827         2       640    0.7318    0.6023    0.5985    0.2823    0.0615  0.007822  0.007262
     49/49     11.3G    0.0279  0.006655   0.00204    0.0366         0       640    0.7079    0.5741    0.5804    0.2678   0.06062  0.007849  0.006877
